101 102
102 101
103 104
104 103
105 106
106 105
107 108
108 107
109 110
110 109
111 112
112 111
113 114
114 113
115 116
116 115
117 118
118 117
119 120
120 119
121 122
122 121
123 124
124 123
125 126
126 125
127 128
128 127
129 130
130 129
131 132
132 131
133 134
134 133
135 136
136 135
137 138
138 137
139 140
140 139
141 142
142 141
143 144
144 143
145 146
146 145
147 148
148 147
149 150
150 149
151 152
152 151
153 
154 155
155 154
156 157
157 156
158 159
159 158
160 161
161 160
162 163
163 162
164 165
165 164
166 167
167 166
168 169
169 168
170 171
171 170
172 173
173 172
174 175
175 174
176 177
177 176
178 179
179 178
180 002 181 182
181 180
182 180
183 180
184 185
185 184
186 187
187 186
188 189
189 188
190 191
191 190
192 194
193 194
194 002 192 193
195 196
196 195
197 198
198 197
199 001 200 201
200 199
201 199
202 199
203 199
204 199
205 199
206 199
207 199
208 199
209 001 210 211
210 209
211 209
212 213
213 212
214 215
215 214
216 217
217 216
218 219
219 218
220 221
221 220
222 180
223 224
224 223
225 226
226 225
227 228
228 227
229 230
230 229
231 232
232 231
233 234
234 233
235 236
236 235
237 238
238 237
239 240
240 239
241 001 243 244
242 001 243 244
243 001 241 242
244 001 241 242
245 246
246 245
247 248
248 247
249 250
250 249
251 252
252 251
253 254
254 253
255 256
256 255